-430.00208566122848
-430.66829919028015
-446.70263829692965
-439.48165127172990
-446.27088913842715
-437.95163942147167
-452.23180568804344
-438.89156849773241
-443.87971908433633
-450.21017415131985
-447.98959335802158
-430.37278490593673
-441.00949037569723
-426.53563118283546
-439.80050811778131
-421.99763368569177
-445.37019218043997
-432.01786226914942
-424.15021974543026
-445.13149729623871
-432.13294318232482
-1509.7088276983941
-1519.1081985784647
-1501.4653878839156
-1494.1928409549612
-1503.8263350112416
-1496.6617127003103
-1482.0480420707852
-1499.5261293643509
-1499.3191180622171
-1507.6780895238546
-1482.3588971129259
-1468.5565759054232
-1445.0929573155306
-1474.7671770438601
-422.22665726083426
-429.73613269477426
-418.85334911275964
-417.15186755787789
-418.89626162370968
-421.27116716557725
-429.41768323570159
-422.72097628737436
-421.44211350247258
-413.59886637867726
-430.11582511620338
-424.00496326455595
-412.69372666013675
-419.84998493145031
-428.11956223874910
-422.12021590312389
-409.61074767309645
-403.53144939549986
-426.96104504668529
-427.45494157503271
-398.62538296542238
-137.79084996103441
-161.68158662366551
-85.833643128928031
-112.97960629342332
-112.96708208847529
-186.32098340499903
-69.915830680737969
-68.286556204347391
-172.91325563705965
-276.76349300957247
